1000                 0.000039072          22473.96             25643                18966               
2000                 0.000084818          47706.85             53129                41640               
3000                 0.000133095          74185.10             85297                67057               
4000                 0.000185575          101191.45            113898               90970               
5000                 0.000236812          128795.92            144786               118065              
6000                 0.000290227          156695.48            180077               144682              
7000                 0.000349249          185066.63            209569               171043              
8000                 0.000399444          213248.98            242449               197171              
9000                 0.000455360          242082.57            267389               224370              
10000                0.000511373          271019.20            297957               253950              
