1000                 0.000046521          37765.18             47221                28756               
2000                 0.000097717          78418.85             91247                65488               
3000                 0.000153331          120040.37            138815               101178              
4000                 0.000211630          162812.21            185275               140075              
5000                 0.000270275          205542.95            236398               184553              
6000                 0.000332327          248546.91            278689               225304              
7000                 0.000391411          292136.89            320628               264358              
8000                 0.000453302          335954.43            372331               297913              
9000                 0.000521583          379803.71            416156               348071              
10000                0.000579700          424327.34            464433               390503              
