1000                 0.000054280          53872.73             73582                38163               
2000                 0.000116003          110342.99            141360               80458               
3000                 0.000179436          167269.24            205859               143631              
4000                 0.000246078          226259.87            267636               193408              
5000                 0.000313694          284620.54            320731               248654              
6000                 0.000382791          343510.08            390399               298157              
7000                 0.000455249          403506.85            454002               356367              
8000                 0.000526132          462860.44            523495               404716              
9000                 0.000594242          522350.26            576811               465184              
10000                0.000669837          584092.75            642615               518905              
