1000                 0.000064152          69804.11             93515                42963               
2000                 0.000133820          141949.17            188041               102819              
3000                 0.000208794          215762.12            274231               157637              
4000                 0.000284185          290393.18            344681               231692              
5000                 0.000361449          364279.62            423689               290088              
6000                 0.000442895          440001.62            517083               367325              
7000                 0.000519047          516464.52            588973               426894              
8000                 0.000599040          592041.39            675134               505470              
9000                 0.000686999          667619.16            752520               590011              
10000                0.000763170          743011.54            833992               653889              
