1000                 0.000065405          10946.74             13247                9474                
2000                 0.000138822          24702.85             30996                22058               
3000                 0.000212450          39554.02             46782                35488               
4000                 0.000289673          55004.57             70923                49441               
5000                 0.000369354          70926.13             85026                64356               
6000                 0.000454724          87335.25             107427               78957               
7000                 0.000531661          104150.96            123687               95067               
8000                 0.000610892          121033.46            144815               109848              
9000                 0.000693729          138149.61            174205               125856              
10000                0.000789178          155449.25            181273               141280              
